                      RETIREMENT PLAN

you have given the following details and to estimate your plan
your current savings in hand:10000.00
your current age:20
At what age you plan to retire:60
Annual interest percentage you would get for your savings:5.00
your annual salary:100000.00
percentage of amount you would like to save from your annual salary towards your retirement plan:20.00

year                    Total compounded amount              your contribution           compounded interest
2026                          10511.62                          10000.00                         511.62            
2027                          32072.65                          30000.00                         2072.65            
2028                          54736.79                          50000.00                         4736.79            
2029                          78560.46                          70000.00                         8560.46            
2030                          103603.00                          90000.00                         13603.00            
2031                          129926.77                          110000.00                         19926.77            
2032                          157597.31                          130000.00                         27597.31            
2033                          186683.52                          150000.00                         36683.52            
2034                          217257.84                          170000.00                         47257.84            
2035                          249396.40                          190000.00                         59396.40            
2036                          283179.23                          210000.00                         73179.23            
2037                          318690.46                          230000.00                         88690.46            
2038                          356018.51                          250000.00                         106018.51            
2039                          395256.33                          270000.00                         125256.33            
2040                          436501.63                          290000.00                         146501.63            
2041                          479857.12                          310000.00                         169857.12            
2042                          525430.76                          330000.00                         195430.76            
2043                          573336.03                          350000.00                         223336.03            
2044                          623692.23                          370000.00                         253692.23            
2045                          676624.74                          390000.00                         286624.74            
2046                          746983.80                          410000.00                         336983.80            
2047                          822429.12                          430000.00                         392429.12            
2048                          903328.39                          450000.00                         453328.39            
2049                          990075.88                          470000.00                         520075.88            
2050                          1083094.34                          490000.00                         593094.34            
2051                          1182837.12                          510000.00                         672837.12            
2052                          1289790.32                          530000.00                         759790.32            
2053                          1404475.16                          550000.00                         854475.16            
2054                          1527450.59                          570000.00                         957450.59            
2055                          1659315.92                          590000.00                         1069315.92            
2056                          1800713.80                          610000.00                         1190713.80            
2057                          1952333.35                          630000.00                         1322333.35            
2058                          2114913.48                          650000.00                         1464913.48            
2059                          2289246.55                          670000.00                         1619246.55            
2060                          2476182.17                          690000.00                         1786182.17            
2061                          2676631.38                          710000.00                         1966631.38            
2062                          2891571.08                          730000.00                         2161571.08            
2063                          3122048.79                          750000.00                         2372048.79            
2064                          3369187.76                          770000.00                         2599187.76            
2065                          3634192.41                          790000.00                         2844192.41            
